Webots Project File version R2025a
perspectives: 000000ff00000000fd0000000300000000000001ca0000039ffc0200000001fb00000012005300630065006e0065005400720065006501000000000000039f0000000000000000000000010000023a00000324fc0200000001fb0000001400540065007800740045006400690074006f00720000000000000003240000004500ffffff000000030000077000000089fc0100000002fb0000000e0043006f006e0073006f006c006501000001d0000005b00000000000000000fb0000001a0043006f006e0073006f006c00650041006c006c0041006c006c0100000000000007700000008700ffffff000007700000031200000004000000040000000100000008fc00000000
simulationViewPerspectives: 000000ff000000010000000200000195000004270100000002010000000101
sceneTreePerspectives: 000000ff00000001000000030000001e000000c0000000fa0100000002010000000201
minimizedPerspectives: 000000ff00000000fd0000000300000000000001ca0000039ffc0200000001fb00000012005300630065006e0065005400720065006501000000000000039f0000000000000000000000010000023a00000248fc0200000001fb0000001400540065007800740045006400690074006f00720100000000000002480000004500ffffff00000003000005be000000dafc0100000002fb0000000e0043006f006e0073006f006c006501000001d0000005b00000000000000000fb0000001a0043006f006e0073006f006c00650041006c006c0041006c006c0100000000000005be0000008700ffffff000003820000024800000004000000040000000100000008fc00000000
maximizedDockId: -1
centralWidgetVisible: 1
orthographicViewHeight: 1
textFiles: -1
consoles: Console:All:All
renderingDevicePerspectives: Create:camera;1;0.916;0;0
renderingDevicePerspectives: Create:display;1;1;0;0.660305
renderingDevicePerspectives: Create:range-finder;1;32;0;0.921296
