Webots Project File version R2021a
perspectives: 000000ff00000000fd00000002000000000000032000000560fc0100000002fb0000001e00480074006d006c0052006f0062006f007400570069006e0064006f00770000000000000003200000000000000000fb0000001a0044006f00630075006d0065006e0074006100740069006f006e0000000000ffffffff0000006900ffffff0000000100000235000003effc0200000001fc00000015000003ef0000000000fffffffa000000000100000002fb0000001a0043006f006e0073006f006c00650041006c006c0041006c006c0100000000ffffffff0000000000000000fb0000001400540065007800740045006400690074006f007200000006640000011c0000007700ffffff000003be000003ef00000001000000020000000100000008fc00000000
simulationViewPerspectives: 000000ff00000001000000020000010000000b520100000002010000000100
sceneTreePerspectives: 000000ff0000000100000002000000c0000000fa0100000002010000000200
maximizedDockId: -1
centralWidgetVisible: 1
orthographicViewHeight: 1
textFiles: -1
renderingDevicePerspectives: Create:display;1;1;0;0
renderingDevicePerspectives: Create:range-finder;1;0.972222;0;0
renderingDevicePerspectives: Create:vertical-range-finder;0;0.738889;0;0
